  74  97  118  97 32 105 115  32  97  32
 112 114 111 103 114  97 109 109 105 110
 103  32 108  97 110 103 117  97 103 101
  32 111 114 105 103 105 110  97 108 108
 121  32 100 101 118 101 108 111 112 101
 100  32  98 121  32  74  97 109 101 115
  32  71 111 115 108 105 110 103  10  97
 116  32  83 117 110  32  77 105  99 114
 111 115 121 115 116 101 109 115  32  40
 119 104 105  99 104  32 104  97 115  32
 115 105 110  99 101  32 109 101 114 103
 101 100  32 105 110 116 111  32  79 114
  97  99 108 101  32  67 111 114 112 111
 114  97 116 105 111 110  41  10  97 110
 100  32 114 101 108 101  97 115 101 100
  32 105 110  32  49  57  57  53  32  97
 115  32  97  32  99 111 114 101  32  99
 111 109 112 111 110 101 110 116  32 111
 102  32  83 117 110  32  77 105  99 114
 111 115 121 115 116 101 109 115  39  32
  74  97 118  97  32 112 108  97 116 102
 111 114 109  46  10  84 104 101  32 108
  97 110 103 117  97 103 101  32 100 101
 114 105 118 101 115  32 109 117  99 104
  32 111 102  32 105 116 115  32 115 121
 110 116  97 120  32 102 114 111 109  32
  67  32  97 110 100  32  67  43  43  44
  32  98 117 116  32 105 116  32 104  97
 115  32 102 101 119 101 114  10 108 111
 119  45 108 101 118 101 108  32 102  97
  99 105 108 105 116 105 101 115  32 116
 104  97 110  32 101 105 116 104 101 114
  32 111 102  32 116 104 101 109  46  32
  74  97 118  97  32  97 112 112 108 105
  99  97 116 105 111 110 115  32  97 114
 101  32 116 121 112 105  99  97 108 108
 121  10  99 111 109 112 105 108 101 100
  32 116 111  32  98 121 116 101  99 111
 100 101  32  40  99 108  97 115 115  32
 102 105 108 101  41  32 116 104  97 116
  32  99  97 110  32 114 117 110  32 111
 110  32  97 110 121  32  74  97 118  97
  32 118 105 114 116 117  97 108  32 109
  97  99 104 105 110 101  10  40  74  86
  77  41  32 114 101 103  97 114 100 108
 101 115 115  32 111 102  32  99 111 109
 112 117 116 101 114  32  97 114  99 104
 105 116 101  99 116 117 114 101  46  32
  74  97 118  97  32 105 115  32  97  32
 103 101 110 101 114  97 108  45 112 117
 114 112 111 115 101  44  10  99 111 110
  99 117 114 114 101 110 116  44  32  99
 108  97 115 115  45  98  97 115 101 100
  44  32 111  98 106 101  99 116  45 111
 114 105 101 110 116 101 100  32 108  97
 110 103 117  97 103 101  32 116 104  97
 116  32 105 115  32 115 112 101  99 105
 102 105  99  97 108 108 121  10 100 101
 115 105 103 110 101 100  32 116 111  32
 104  97 118 101  32  97 115  32 102 101
 119  32 105 109 112 108 101 109 101 110
 116  97 116 105 111 110  32 100 101 112
 101 110 100 101 110  99 105 101 115  32
  97 115  32 112 111 115 115 105  98 108
 101  46  32  73 116  32 105 115  10 105
 110 116 101 110 100 101 100  32 116 111
  32 108 101 116  32  97 112 112 108 105
  99  97 116 105 111 110  32 100 101 118
 101 108 111 112 101 114 115  32  34 119
 114 105 116 101  32 111 110  99 101  44
  32 114 117 110  32  97 110 121 119 104
 101 114 101  34  32  40  87  79  82  65
  41  44  10 109 101  97 110 105 110 103
  32 116 104  97 116  32  99 111 100 101
  32 116 104  97 116  32 114 117 110 115
  32 111 110  32 111 110 101  32 112 108
  97 116 102 111 114 109  32 100 111 101
 115  32 110 111 116  32 110 101 101 100
  32 116 111  32  98 101  32 114 101  99
 111 109 112 105 108 101 100  10 116 111
  32 114 117 110  32 111 110  32  97 110
 111 116 104 101 114  46  32  74  97 118
  97  32 105 115  44  32  97 115  32 111
 102  32  50  48  49  50  44  32 111 110
 101  32 111 102  32 116 104 101  32 109
 111 115 116  32 112 111 112 117 108  97
 114  32 112 114 111 103 114  97 109 109
 105 110 103  10 108  97 110 103 117  97
 103 101 115  32 105 110  32 117 115 101
  44  32 112  97 114 116 105  99 117 108
  97 114 108 121  32 102 111 114  32  99
 108 105 101 110 116  45 115 101 114 118
 101 114  32 119 101  98  32  97 112 112
 108 105  99  97 116 105 111 110 115  44
  32 119 105 116 104  32  97  10 114 101
 112 111 114 116 101 100  32  49  48  32
 109 105 108 108 105 111 110  32 117 115
 101 114 115  46  10
